77
128
3
80
134
183
143
161
64
92
146
190
101
89
73
124
158
87
83
95
173
67
160
150
121
71
117
21
193
66
107
52
43
36
187
118
132
97
9
197
192
111
35
108
110
32
96
130
196
140
126
102
84
34
61
5
147
135
29
0
145
137
125
90
16
115
12
164
91
149
75
23
100
133
70
144
195
50
154
122
171
119
156
106
15
182
141
40
166
152
41
17
194
79
26
105
129
94
1
14
131
165
53
68
120
99
4
37
78
169
19
175
199
163
62
20
49
139
185
170
54
33
136
56
51
55
188
103
93
13
198
46
98
85
155
191
176
45
10
153
6
65
180
74
179
189
63
157
123
58
24
82
114
162
127
138
31
30
168
167
177
11
174
27
48
112
172
7
184
39
81
47
181
109
60
116
104
38
59
86
178
57
151
22
148
159
25
69
88
42
8
44
2
186
113
142
76
72
28
18